101 3.8855614730131363
102 -1.6068273968364453
103 8.46374092998211
104 0.9503115639502705
105 3.670900998283641
106 1.3582466820227639
107 -1.5377685204604798
108 8.594215025805644
109 9.756734418398862
110 1.1855526358997277
111 7.891198206615902
112 3.846554589503977
113 8.633238790404064
114 4.275197218077672
115 4.727483305398386
116 1.3479131648511695
117 1.9482250470150109
118 -0.05206885149512518
119 3.067911484787655
120 5.737724249205339
121 3.781962110211747
122 9.25041968459318
123 6.151992450367147
124 1.4690434831447534
125 11.537687480400516
126 2.2954926858027394
127 6.0956660415586965
128 -0.7797421932025655
129 5.381182199897226
130 2.8656556349198112
131 2.3852384656092926
132 4.127590131998877
133 1.4558911792276574
134 0.33728816863888106
135 6.894456945167024
136 1.5876550009484218
137 5.706159633036737
138 2.486871457355687
139 -0.7113219386179523
140 5.003970215696497
141 5.570412663032683
142 2.967617360015373
143 2.457300152485236
144 2.1599295823263547
145 2.378076359362315
146 4.0247499488244785
147 0.8768509461644757
148 11.822652352436293
149 8.062582144923722
150 3.0328488982587074
151 4.484156706483762
152 7.3506522071159095
153 2.886833851900469
154 7.545433425890803
155 3.282082229269106
156 7.402444359091754
157 4.425338603586
158 5.5149421947511765
159 8.70369380468645
160 2.1296035752320503
161 0.166820248728905
162 1.5576398809902996
163 5.736332703591505
164 2.24220615361157
165 0.6255210684990447
166 3.990931929718719
167 5.162745545954179
168 6.373215228639259
169 2.327516738898152
170 1.167481695425413
171 0.9479219824160975
172 -0.7782362395541652
173 7.881358347516326
174 3.764130084065463
175 0.560100644572914
176 6.1227889882511555
177 1.012702976750314
178 4.057812023963861
179 2.536165072196224
180 5.33314902712172
181 1.8113538067357993
182 3.183783506637222
183 3.2422970575801737
184 3.732112258191315
185 4.468600512604781
186 0.448228741398899
187 6.938005775016819
188 1.2603208124001102
189 6.8104959529897
190 5.705244569619449
191 1.7034865509048223
192 2.5811172868873915
193 1.3889955750703047
194 6.938829794093785
195 0.3247425197452946
196 6.497827843459119
197 3.9558485234597
198 0.7643169089262395
199 3.730169816023052
200 4.867801098965798
1 3.690003950028942
2 4.301495886759171
3 2.182034884624819
4 3.1522546681277057
5 1.6267245286814342
6 NaN
7 1.8129290338869524
8 2.73058867702267
9 4.274328770597891
10 6.497507344724986
11 9.625194599356552
12 -5.819692683954221
13 -0.9815268915739119
14 3.347916360043612
15 4.392806307976386
16 2.111999092821993
17 4.523536530645413
18 4.009877497125294
19 -0.7137987635737962
20 2.3315672440841797
21 4.292017192868801
22 7.901626484754291
23 5.571397444238444
24 -0.1353281350707513
25 -0.38781795530582563
26 3.503710406986724
27 7.289939404552485
28 6.252472451668358
29 3.9403071997984838
30 3.9838669263698425
31 4.671831375079226
32 2.0758160901309597
33 2.5721406012584986
34 2.137193010469431
35 1.6543892748482256
36 6.041596925192164
37 -0.5889956069765254
38 1.9764081603121775
39 2.1905322493045207
40 6.662598766764533
41 1.957660931072304
42 -0.39797223891516725
43 4.948953634568751
44 6.457124875874591
45 2.7399049986279587
46 5.90452857644905
47 4.527335108010059
48 1.484289254711716
49 4.157964512198739
50 2.4129522599299684
51 3.222407083008636
52 4.87316974427103
53 3.474540319387355
54 1.448028958108604
55 4.047083663942282
56 2.691029657554614
57 0.2981081179275534
58 1.4328102170903187
59 2.877903750852833
60 8.496897242570665
61 4.115330247046632
62 5.311338328617696
63 1.2616282955945688
64 5.566490155787425
65 5.567559855448906
66 1.385129381440571
67 2.616826123261268
68 4.418488112178341
69 4.555479816799556
70 11.498457940796067
71 2.6759427326808716
72 1.9225524020931304
73 2.6748277630081967
74 1.63471170818051
75 0.392528905883085
76 2.8307888001678774
77 2.4261507747302415
78 3.1891596950422882
79 2.229434827443733
80 2.7736764269665515
81 2.6304429083856213
82 NaN
83 -0.2882472883601109
84 4.515287228279617
85 5.916547234828866
86 5.616362187072636
87 2.2087860508387225
88 2.8648575606850186
89 1.7446812952702573
90 6.931905951632215
91 1.9305251127040604
92 3.324720812143397
93 -3.2411294555322736
94 2.8237135303174767
95 3.6480543790420605
96 -1.320381642183779
97 1.930115151865828
98 2.8563877314777177
99 3.931932807995991
100 9.454503728196876
Spearmann Corr: 0.23619243782737062
Pearson Corr: NaN
Kendall's Tau: 0.15515561708455108
