101 0.03174517815355514
102 0.024945501208784433
103 0.05560836784038277
104 0.025738104665622444
105 0.016762928906005278
106 0.012458700246334888
107 0.01734381861820006
108 0.031269738099226015
109 0.03315209331643935
110 0.021149696819657834
111 0.03143926772385201
112 0.02705369949649085
113 0.05619818670157093
114 0.021923613059804475
115 0.02328648708688041
116 0.02497382776616373
117 0.03138376456911702
118 0.024511427437505933
119 0.023075905576112377
120 0.01956335309038268
121 0.020527192480152587
122 0.035391059627023616
123 0.03267124836348446
124 0.023655124640305163
125 0.02262859469655681
126 0.020979332362129642
127 0.0330644080233107
128 0.04725809299396125
129 0.02158039275640709
130 0.024364543332710004
131 0.018270628188152952
132 0.019271360194767714
133 0.018449206356890728
134 0.02340329876942048
135 0.02762281386649966
136 0.016539745204519393
137 0.024231919940708408
138 0.017167535291663556
139 0.01783730096919112
140 0.029778258353566837
141 0.026949782745413334
142 0.021817465644336682
143 0.022153036652688626
144 0.021821682521887646
145 0.026518108696061464
146 0.020125938113444142
147 0.029209677587148652
148 0.04712106389848865
149 0.02670231282456523
150 0.03962151939136001
151 0.016507317975801256
152 0.09382953304244808
153 0.033669341166057985
154 0.02569780637213092
155 0.022866193849687074
156 0.02815359613533543
157 0.01799812725780839
158 0.03536028749494541
159 0.029412600781365168
160 0.02183558433134964
161 0.018679568844757702
162 0.01743253256111134
163 0.0211868240241342
164 0.022344739658170173
165 0.02669403332280404
166 0.0222713087117821
167 0.019906708502961914
168 0.025532183319610054
169 0.021927339820031738
170 0.020736632146437343
171 0.023123688639040685
172 0.034249402169921825
173 0.027133121101449827
174 0.026616422834664248
175 0.1047283912852209
176 0.02022963088606436
177 0.02883049426404581
178 0.025169015562229346
179 0.020170974746089726
180 0.022182596130844088
181 0.022844752067384948
182 0.019471572878238037
183 0.02652261744677817
184 0.02771905676528551
185 0.02408602937263631
186 0.023347807543852017
187 0.03014502403635648
188 0.02006883255762202
189 0.0340606391972556
190 0.017576519910071402
191 0.028725883737424015
192 0.023375468236504042
193 0.02230067897530283
194 0.01706254451370326
195 0.04009100983038043
196 0.032115013176132454
197 0.01526105921386407
198 0.03315171450395054
199 0.015119855737279796
200 0.027127161615310997
1 0.03333652123857864
2 0.04264110677369891
3 0.01813029298360409
4 0.0257490623479101
5 0.020042306539051133
6 0.033991136123677976
7 0.014976537187033068
8 0.014669893138609112
9 0.024811862837248233
10 0.04260728444597877
11 0.02883009242316649
12 0.026262888026748324
13 0.025063282926678927
14 0.019181608767245856
15 0.02256770880710683
16 0.023778414779547452
17 0.014790943159942447
18 0.016628677577034776
19 0.030764172683871938
20 0.020155261773337294
21 0.03233438275053793
22 0.03160498803820218
23 0.021904433782939273
24 0.017760391877365663
25 0.030170365548960965
26 0.02128178733524059
27 0.02884321787673798
28 0.054289789563749725
29 0.018579363573465183
30 0.0221362382991368
31 0.02984960608997396
32 0.02290258049571186
33 0.03154934127234828
34 0.02266275675986875
35 0.03636444756545628
36 0.01761573850446391
37 0.01871113093786482
38 0.01855872966550176
39 0.02598543628939538
40 0.023018437527875513
41 0.02360443197571031
42 0.017144325092873
43 0.023375883664489592
44 0.023947809287578677
45 0.02549559942846849
46 0.0739431858109926
47 0.0377575233364433
48 0.04514735371703106
49 0.02101524767329639
50 0.02508555350604994
51 0.02081885015586247
52 0.0343806406209669
53 0.03131825010566144
54 0.019447044164581574
55 0.02552900590615313
56 0.031661143511570414
57 0.028939776662441533
58 0.025382873768822388
59 0.018953476667585987
60 0.024806684846380392
61 0.01794803621839723
62 0.033985011314986366
63 0.02700448421857653
64 0.024710975502137963
65 0.028745712261478176
66 0.020616687550188625
67 0.043755251245888666
68 0.023780328439991918
69 0.020460112038730185
70 0.0291062620186246
71 0.01872076183090886
72 0.022683074087297934
73 0.03435914667236566
74 0.02931886824967689
75 0.02705300254450793
76 0.02347785273071971
77 0.024231525884083893
78 0.02016237783738627
79 0.02320605754652444
80 0.021959455544578677
81 0.01828879453846785
82 0.018923092908125567
83 0.002488764689037243
84 0.032330606186630355
85 0.028950421965878798
86 0.035596496380046715
87 0.019281216780701764
88 0.022546445371965783
89 0.03631898807488616
90 0.035175755327548706
91 0.022039836014358
92 0.019918427821142323
93 0.02530587564683252
94 0.023337794395511948
95 0.021117777782849217
96 0.022646254771640558
97 0.030754471326088273
98 0.02174976553493082
99 0.02047688214058913
100 0.04172096292904544
Spearmann Corr: 0.26931881516702005
Pearson Corr: 0.1298117361976028
Kendall's Tau: 0.18268984258831975
