101 2.217410285824241
102 2.3772098370842363
103 2.2473544421432163
104 2.2144604631389764
105 2.1483743943031715
106 1.7975398312435213
107 2.2588608798954106
108 1.7025887530466464
109 2.542809219598122
110 2.2026244524610883
111 2.6633754641448397
112 2.476258079777085
113 2.271077900967339
114 2.501363403886901
115 2.471043349241139
116 2.5846801242857267
117 2.561152124295458
118 2.118769055301755
119 2.2143452496831486
120 2.6807639090496163
121 2.233746501092737
122 2.844455575493034
123 2.672449624836785
124 2.408945488255878
125 2.5042268974753417
126 2.2837751691902235
127 2.480413814453579
128 3.3153662262704082
129 1.9423861757201015
130 2.8060327657383812
131 2.384300803345024
132 2.5805879815772936
133 2.081372309514398
134 3.0838113586370097
135 2.4598046644918536
136 1.8619745660223601
137 2.235311132684587
138 2.0492562739740015
139 2.9724127495412715
140 2.271920672400215
141 2.1943309450923714
142 1.894220213460735
143 2.521054755403936
144 3.274904592142984
145 2.5158923379307527
146 2.1352791503394597
147 1.9434389721224907
148 2.2306993224669744
149 2.649909558348933
150 2.6926149391305314
151 2.7818963727573016
152 2.584735291839004
153 2.686019291121745
154 1.7558312835844385
155 2.6320459441768254
156 2.1729637690281867
157 1.9291730110586163
158 2.5287507525008324
159 2.0374700736098945
160 3.1268028694513905
161 1.9693434158376673
162 2.4051412139018655
163 2.002807959270747
164 2.369205697205496
165 3.111485115742178
166 1.9153292025203734
167 2.41504649384907
168 2.0463878986942134
169 2.063851456868733
170 3.0140963097162263
171 2.306002070438191
172 1.9802330135974544
173 2.7662116128934744
174 1.9982726264790467
175 2.250827276181201
176 2.655392597912487
177 2.0616367658400905
178 3.276134960586927
179 2.673662745733067
180 2.379730880887663
181 2.3147037231338015
182 2.8358710287955082
183 2.8423890367056917
184 2.238206266568126
185 2.1344594939103834
186 2.665288871845678
187 2.6283201774822342
188 2.6517521460165057
189 2.212479270991552
190 2.409997667518741
191 2.50026847287612
192 2.392959031914665
193 2.5666315484460256
194 2.860684443347039
195 2.7195220937213804
196 2.9016432954471885
197 2.4575978521151507
198 2.6463296105409704
199 3.7144224877965124
200 1.9862060929400271
1 3.3599370704167995
2 2.036695377717656
3 1.9368703719066735
4 2.8688343398110447
5 2.15448673806969
6 2.776576179690588
7 2.5435147461673644
8 2.572973653828635
9 2.7621313288174143
10 3.2785164012797514
11 2.6631328514293795
12 2.7434381018947067
13 2.594809103579703
14 2.704780420282044
15 1.9042235263828995
16 2.315596765804525
17 2.4754585399748366
18 2.492417638348656
19 2.316080151588225
20 2.633524605018059
21 2.969193105721559
22 2.8786859465550965
23 1.925651756098603
24 1.9483076405828859
25 1.9733964936793886
26 2.3662567010241573
27 1.798520563228418
28 3.056030423167438
29 2.435638865265821
30 2.375642208402589
31 2.548078887788247
32 2.2126688794187652
33 2.882410250943595
34 3.205787230223324
35 2.1203852740256894
36 2.9231485315069765
37 2.1189009929240727
38 2.59237492315871
39 2.3945687472007693
40 2.092363865152328
41 2.436832982417418
42 2.478885947715502
43 2.8237030301376023
44 2.052148871955823
45 2.507862141006946
46 2.1233123278858668
47 2.2286227635225537
48 2.491979696686987
49 2.532967480257446
50 2.6491241884328884
51 2.90497422812231
52 2.2360401474398217
53 1.831296903272217
54 1.9088499033680408
55 2.697425217568689
56 2.2751741419810343
57 2.2031556298424033
58 1.8241949280183412
59 2.424867568150785
60 2.266411224361631
61 3.49888826546076
62 2.1104781985933823
63 4.224399063511644
64 3.032823786094999
65 2.0669343451940225
66 2.1590459632598495
67 3.514544639842343
68 2.491438140660723
69 2.464397511745598
70 2.0360865618299524
71 2.5122256990390857
72 2.5779224782651644
73 1.932419028960618
74 2.553518508909401
75 2.3014101827581785
76 2.460605824524445
77 3.139237129595036
78 2.7089539353605603
79 2.618636383415804
80 2.524202117886413
81 2.4156049561936985
82 2.0074728262135397
83 2.729571766560131
84 3.073425702664064
85 1.8801708174543907
86 2.1862753830714174
87 2.681076943544357
88 3.3664899557007137
89 2.562480630152776
90 2.399066879070006
91 2.904220863422545
92 2.536307511846855
93 2.246442862037116
94 2.205599008638657
95 2.0196664639676447
96 2.9233122586679214
97 2.734313678638611
98 1.8680097320235622
99 3.7620718193807043
100 2.548160885706784
Spearmann Corr: -0.09529008154029295
Pearson Corr: -0.08392126038772911
Kendall's Tau: -0.05973439983592268
