101 -0.025791978729610233
102 -0.027704675184685675
103 -0.0666169718673557
104 -0.027437162854022805
105 -0.025504077006628954
106 -0.02020131387637065
107 -0.02151543973904102
108 -0.045077425640606704
109 -0.03470603636795237
110 -0.02955493482246872
111 -0.04278594114645295
112 -0.035413640751230734
113 -0.0430223796343432
114 -0.034401045632058404
115 -0.03784578882826396
116 -0.03449597184836765
117 -0.014862395122607707
118 -0.032888426861620086
119 -0.03010067993028539
120 -0.025561554083507916
121 -0.02490900363473684
122 -0.06384995630872563
123 -0.03534917952057769
124 -0.02315476569905191
125 -0.027333598554806465
126 -0.019259812432272053
127 -0.03333860720903458
128 -0.01858694860567933
129 -0.03011971971008407
130 -0.02319771375638703
131 -0.020953716844871236
132 -0.023992844752863604
133 -0.01916017095184123
134 -0.013048051212431121
135 -0.029940527875851847
136 -0.015617981702751412
137 -0.03629537325464072
138 -0.033030534763377015
139 -0.02722315709119714
140 -0.0255279039067587
141 -0.022924013774782023
142 -0.017465372122088478
143 -0.029497110115046455
144 -0.021076573388493593
145 -0.022006193827925364
146 -0.03390112005381406
147 -0.016862541870100833
148 -0.07082548024911511
149 -0.03932574244892108
150 -0.02058017725033791
151 -0.030923283659654157
152 -0.04213480234487492
153 -0.02492582919964041
154 -0.03725105260342647
155 -0.02979550719905971
156 -0.03623258219178509
157 -0.017918937495105116
158 -0.046838703940472994
159 -0.02556327292454358
160 -0.018099764876721085
161 -0.026862189058219944
162 -0.02370849279656212
163 -0.027611438520633733
164 -0.02092376962228
165 -0.025889163896746007
166 -0.028201953679913946
167 -0.020431364362598393
168 -0.05459461954155131
169 -0.021086404669089013
170 -0.01825600044388389
171 -0.028422502376507494
172 -0.017872090237954504
173 -0.03129501161317092
174 -0.03341071216167211
175 -0.020501341637784557
176 -0.03734616201087735
177 -0.024094247707138347
178 -0.028884505271957843
179 -0.026142037014259944
180 -0.025303512788937905
181 -0.025179827552002633
182 -0.017753940614405703
183 -0.02566902640133715
184 -0.023111814952400857
185 -0.029681741519980355
186 -0.029106170834521404
187 -0.033393613561607055
188 -0.029296001433985645
189 -0.06330365375482082
190 -0.02820928561431502
191 -0.03265411515537496
192 -0.0250071693215067
193 -0.021904628004768556
194 -0.036161609964395366
195 -0.01329723070269775
196 -0.02442669001146052
197 -0.023398512391885087
198 -0.021209005854210733
199 -0.015136206622229764
200 -0.03632453226708485
1 -0.016214207992329203
2 -0.053614640448307334
3 -0.024903470272994072
4 -0.01623977056619252
5 -0.02248747956681111
6 -0.021928024646275086
7 -0.018892257322677942
8 -0.016375510512752628
9 -0.048789170317628756
10 -0.00720712760956419
11 -0.049511634912562996
12 -0.01905378597539448
13 -0.031005128541055065
14 -0.016647492673763017
15 -0.024681310214854132
16 -0.02070717081872478
17 -0.021107759669646998
18 -0.02574009013423292
19 -0.030980269551876854
20 -0.021959322564688424
21 -0.017740418623144884
22 -0.05245698713842396
23 -0.014277378595220947
24 -0.02312962888536421
25 -0.020763617817324515
26 -0.01927493116533615
27 -0.02524163275373699
28 -0.008400689928607048
29 -0.01900290491488163
30 -0.02455765436613324
31 -0.025802740002827243
32 -0.030714413520679988
33 -0.02394056665045508
34 -0.03231401941677649
35 -0.01731870619729341
36 -0.031254302538329344
37 -0.02742735730062116
38 -0.024125216283342594
39 -0.01361182994406066
40 -0.0265453748804843
41 -0.0261402613774349
42 -0.018584725711561115
43 -0.04032398611084728
44 -0.04146205227522492
45 -0.017218023482335854
46 -0.03511646816828021
47 -0.03847209191396845
48 -0.03017000602858491
49 -0.016645951270859702
50 -0.02152313137246233
51 -0.016137373112782585
52 -0.024592713055401907
53 -0.025336608514268843
54 -0.013555953092603538
55 -0.0197415954745116
56 -0.031237301410827322
57 -0.03365949579013833
58 -0.01659180922891457
59 -0.01972287559479711
60 -0.02079249285260851
61 -0.02142696756099331
62 -0.033078076770593406
63 -0.016770937168776714
64 -0.020360014965482117
65 -0.014906580048040496
66 -0.014481149133581821
67 -0.015346156979393769
68 -0.01930600689434914
69 -0.0267329016073316
70 -0.03590241055260601
71 -0.03741645813882684
72 -0.03306799661885213
73 -0.02575903427187756
74 -0.019443203798771017
75 -0.012328009064221738
76 -0.025687947971658957
77 -0.02640093546658678
78 -0.018819912508192357
79 -0.019949178584621075
80 -0.025980485010922472
81 -0.021653423331128133
82 -0.018047961325417698
83 -2.890578508072387E-4
84 -0.020848443968143355
85 -0.039815004851561135
86 -0.025571057551239944
87 -0.017682936092506527
88 -0.01927907862589371
89 -0.015192931017656598
90 -0.03319201774025892
91 -0.028451602701946088
92 -0.027956008453961637
93 -0.019354830937605108
94 -0.0204609824441188
95 -0.02708260485734414
96 -0.024593832993167922
97 -0.01304070093337173
98 -0.024838208857734065
99 -0.03566225284542582
100 -0.024202569629900993
Spearmann Corr: -0.15459149576110656
Pearson Corr: -0.280734044410743
Kendall's Tau: -0.1010613751730503
