101 0.14
102 0.1
103 0.56
104 0.26
105 0.12
106 0.32
107 0.04
108 0.12
109 0.04
110 0.12
111 0.34
112 0.1
113 0.22
114 0.32
115 0.22
116 0.16
117 0.28
118 0.04
119 0.1
120 0.1
121 0.14
122 0.24
123 0.4
124 0.1
125 0.14
126 0.22
127 0.28
128 0.22
129 0.04
130 0.06
131 0.16
132 0.12
133 0.06
134 0.56
135 0.7
136 0.06
137 0.32
138 0.22
139 0.04
140 0.56
141 0.42
142 0.26
143 0.08
144 0.5
145 0.1
146 0.2
147 0.06
148 0.64
149 0.44
150 0.34
151 0.1
152 0.26
153 0.56
154 0.0
155 0.24
156 0.38
157 0.22
158 0.76
159 0.16
160 0.26
161 0.1
162 0.18
163 0.02
164 0.24
165 0.38
166 0.66
167 0.06
168 0.12
169 0.14
170 0.12
171 0.0
172 0.16
173 0.38
174 0.32
175 0.18
176 0.18
177 0.2
178 0.26
179 0.28
180 0.12
181 0.12
182 0.28
183 0.14
184 0.64
185 0.26
186 0.22
187 0.52
188 0.06
189 0.6
190 0.04
191 0.3
192 0.06
193 0.26
194 0.8
195 0.44
196 0.52
197 0.12
198 0.4
199 0.1
200 0.26
1 0.92
2 0.28
3 0.38
4 0.06
5 0.14
6 0.02
7 0.04
8 0.2
9 0.2
10 0.94
11 0.48
12 0.16
13 0.06
14 0.22
15 0.54
16 0.06
17 0.3
18 0.18
19 0.0
20 0.1
21 0.34
22 0.36
23 0.24
24 0.02
25 0.16
26 0.36
27 0.36
28 0.84
29 0.16
30 0.34
31 0.42
32 0.24
33 0.1
34 0.22
35 0.06
36 0.18
37 0.06
38 0.28
39 0.54
40 0.08
41 0.08
42 0.06
43 0.44
44 0.36
45 0.34
46 0.08
47 0.48
48 0.64
49 0.42
50 0.4
51 0.3
52 0.16
53 0.74
54 0.12
55 0.12
56 0.24
57 0.42
58 0.32
59 0.18
60 0.02
61 0.14
62 0.84
63 0.2
64 0.1
65 0.14
66 0.58
67 0.24
68 0.16
69 0.1
70 0.0
71 0.28
72 0.54
73 0.28
74 0.3
75 0.22
76 0.34
77 0.08
78 0.06
79 0.38
80 0.16
81 0.28
82 0.06
83 0.54
84 0.62
85 0.34
86 0.9
87 0.16
88 0.18
89 0.26
90 0.24
91 0.12
92 0.02
93 0.0
94 0.44
95 0.56
96 0.06
97 0.28
98 0.04
99 0.28
100 0.24
Spearmann Corr: 0.17922609564676797
Pearson Corr: 0.3076788870675212
Kendall's Tau: 0.14223452802133005
