101 12.08068163663622
102 8.131146218140358
103 11.32075491321728
104 7.0330297287858885
105 7.264199306893825
106 4.556666127921896
107 9.353109593169581
108 10.14131121335959
109 11.009733667619281
110 7.9224301868466185
111 10.563653502747018
112 10.894555690858738
113 11.34581977463698
114 6.613849503227176
115 8.803420397582386
116 7.823707920043323
117 10.517215105957648
118 12.089246092104627
119 7.945666898366033
120 6.753701450501085
121 6.898930520688109
122 10.959100083993249
123 12.073082567351465
124 8.73096462010068
125 13.614632173999702
126 7.790375944245624
127 9.926489000615993
128 11.486880288483679
129 7.5282392089260615
130 9.552985748523412
131 7.424910930103348
132 7.643893546637806
133 7.141714191266332
134 8.991929664764587
135 10.437542298026031
136 4.985218205804588
137 9.14400493177261
138 7.276651729494562
139 7.5376642558348275
140 8.152300837013659
141 9.3233013469425
142 6.154591316788889
143 7.6393285182938815
144 8.910606915813752
145 10.845252313646442
146 6.968057638991737
147 8.279752685496181
148 16.061503115953876
149 11.818734367482861
150 8.610676898265455
151 11.285662695138946
152 13.194153131661105
153 10.471404919044584
154 8.716459704149747
155 10.408942710747997
156 9.160279980310424
157 9.962748270914338
158 9.616738908543129
159 10.436741636882777
160 7.8148581923209814
161 7.728556701693168
162 9.14775822420743
163 7.7038137356924015
164 7.0772552214471744
165 10.553358480631763
166 6.003774557209486
167 7.88388364433272
168 11.836146392860943
169 10.690792480100912
170 8.577761832499702
171 7.924610154723053
172 16.42595394204597
173 10.136102334472904
174 6.212316982407623
175 11.882642414237575
176 6.972244073102154
177 7.836493961285583
178 12.379066972832112
179 5.4824298955665105
180 7.7173190420914395
181 6.931505698335621
182 8.380976834726393
183 9.36997948447837
184 7.256203886167211
185 6.954810968199688
186 9.071233294010545
187 8.185110532380262
188 6.6495498205716315
189 9.553762010117298
190 7.194403126505995
191 7.672644308904738
192 10.52259518866637
193 8.4868260837551
194 7.910211466479254
195 9.690189638604936
196 10.664843657935789
197 6.832133786055949
198 8.055815449721901
199 12.112933549360243
200 8.067629036770828
1 6.440573386838299
2 12.07170029797673
3 4.70386464438174
4 7.939716574308706
5 6.658937266052096
6 10.496915251989174
7 5.1938178855930985
8 8.016217658607571
9 8.750635035838881
10 7.136596970235039
11 11.61308641317381
12 8.983072521502947
13 5.48912878107521
14 8.092685519843355
15 8.389676348307763
16 7.7511541368487995
17 9.526514322470595
18 7.054494708007264
19 6.6013326711160545
20 6.5118781974698665
21 9.14023518752692
22 10.548531855526393
23 6.204750198664505
24 6.2489442724505455
25 9.095357776550415
26 6.277209969874414
27 8.638146044473833
28 9.402143079676119
29 5.942367009769834
30 7.065197495391006
31 9.186646463972838
32 7.581026264870779
33 10.557227501526905
34 7.9884055017383915
35 9.276601310594026
36 8.038788248165053
37 8.80636704177757
38 9.592538713845384
39 8.61338999901257
40 12.953506425261128
41 7.310280220410773
42 6.104674289705001
43 8.292027351872125
44 8.595333013519173
45 8.39281115125739
46 11.809751085857256
47 9.135557362393087
48 8.966741591921688
49 6.094314545009862
50 7.034648725380039
51 10.128513597497495
52 10.323435234335696
53 8.155922635871514
54 7.515943098682054
55 6.99482053984362
56 11.17855616510314
57 7.8322623404281915
58 7.951026218530819
59 10.806746532112507
60 8.889956342455157
61 8.179395257662264
62 8.94978609678957
63 8.08128663241406
64 8.997332776730383
65 7.162960978034083
66 7.251048283972918
67 9.380625933796173
68 8.811151425291927
69 7.908795369277888
70 16.358088044208177
71 7.16322309241658
72 9.137792580794159
73 8.209964709337305
74 8.923882746589298
75 8.539195367707432
76 6.7449734477637495
77 9.623973039914159
78 6.947671300045982
79 7.4854071692708
80 6.7108924596018955
81 6.983184980063774
82 6.325745875985516
83 6.952497240295902
84 8.262800948565195
85 10.179887583113771
86 9.216683261533147
87 7.2770153777072695
88 8.613291236202745
89 9.504917708856222
90 10.94241821157754
91 7.353564085723003
92 9.015724884588959
93 8.704040006927551
94 7.933030594373331
95 7.587140148914929
96 7.526259948354449
97 7.17602478778069
98 7.180871420049051
99 7.535945281530941
100 12.495472383038088
Spearmann Corr: 0.1950170455275332
Pearson Corr: 0.14612285323273347
Kendall's Tau: 0.13213351792031994
