101 0.27552662248375187
102 0.3084586003685336
103 0.7745394775552625
104 0.23312615161338637
105 0.21964608021122498
106 0.15825076794491846
107 0.21479324161801552
108 0.5239866194152482
109 0.36179721692484895
110 0.25304714513235693
111 0.45130155781132053
112 0.3747315526754596
113 0.49333518838033696
114 0.3029679571242565
115 0.36338647049105877
116 0.2961312440828541
117 0.16170465594026504
118 0.33446620715244146
119 0.2618997693437683
120 0.20670220556569643
121 0.22097519342799768
122 0.6824260737582901
123 0.39382648232537243
124 0.2476451174557979
125 0.3358350272596829
126 0.17819342757018702
127 0.3471352929840467
128 0.22251474259859902
129 0.2631502644687478
130 0.24819990419149404
131 0.18242198459442943
132 0.21228859485684792
133 0.15925850736990563
134 0.14141289271937119
135 0.2904577866630091
136 0.11914889639533337
137 0.3301217614426755
138 0.33042306496707147
139 0.23800471382898294
140 0.2107236539019842
141 0.2434689520549936
142 0.13925221457283796
143 0.30484074676936773
144 0.22025967331260077
145 0.2465498768159286
146 0.31545276429327607
147 0.1500625016677023
148 0.9070398658458361
149 0.39207678428692233
150 0.2125883125260338
151 0.5018208256088115
152 0.6110280509391858
153 0.34041694290801133
154 0.41346450324000233
155 0.31818141056729626
156 0.3082213139835772
157 0.1729816230397937
158 0.420304935570036
159 0.3840791987395684
160 0.1920668067366372
161 0.23430342644938065
162 0.2957185533995009
163 0.2834300176771186
164 0.1989550509624492
165 0.2817881764418884
166 0.2081594999335589
167 0.22155714005743427
168 0.862945314752802
169 0.18013369512616212
170 0.21372139503548285
171 0.29418055815746086
172 0.22676668417679138
173 0.34226353744137605
174 0.2671479337737817
175 0.2587261467512787
176 0.35566466803282204
177 0.18963855483846992
178 0.36436392499797055
179 0.2005932640900982
180 0.26755379392983997
181 0.22932760134657987
182 0.1696680737629639
183 0.23221285393610566
184 0.19172257055955463
185 0.23409904413180793
186 0.350342602056044
187 0.3780902744314894
188 0.22174229788918592
189 0.5937510453832167
190 0.2853723688273433
191 0.3236856731668622
192 0.2520114879954954
193 0.20089904092641794
194 0.31268685830566634
195 0.14367560953144207
196 0.2848686417363293
197 0.20343048121577875
198 0.20719178094068277
199 0.28295549168436535
200 0.33002416821544006
1 0.13963780728341424
2 0.5384488067255263
3 0.18302078694608934
4 0.18349045846227077
5 0.20910358884792443
6 0.3261255168186342
7 0.14016172493932424
8 0.17879409393940704
9 0.38086588881779887
10 0.06575116015093063
11 0.5278080105853595
12 0.2193403373747231
13 0.23118486077322395
14 0.18571207528064088
15 0.23910613810781284
16 0.1772509445292046
17 0.21402018573092355
18 0.23815408390836054
19 0.22516024247268288
20 0.21611197783749075
21 0.2159974500394551
22 0.5613271003521316
23 0.1325247550407572
24 0.21832625217800475
25 0.2663818809108115
26 0.16467799785708087
27 0.3079745097674123
28 0.11052954530250933
29 0.15306469662378017
30 0.21373426869557396
31 0.31275051988275987
32 0.23665667460555803
33 0.27362462101562884
34 0.27225035867649816
35 0.22670816635921562
36 0.3319585784734125
37 0.3210462604099398
38 0.21624868940688258
39 0.13712017747751878
40 0.5299712846954167
41 0.22242774698294604
42 0.14664489828847227
43 0.3634662256099733
44 0.29283661178152076
45 0.16677004189138556
46 0.4018179250790236
47 0.3988850229757627
48 0.3205169585994
49 0.14903132365350094
50 0.19517257380110012
51 0.1896708243195956
52 0.3393334600470895
53 0.22645878522614019
54 0.09895083333019689
55 0.19079960041804067
56 0.35813167091088227
57 0.3024425714022819
58 0.18301224326487972
59 0.18201968294406992
60 0.25448633427164136
61 0.23984589604640053
62 0.3202719524237502
63 0.19595761465836165
64 0.24715243379763546
65 0.12883005578961304
66 0.11734915387245243
67 0.18297382909658103
68 0.2348650684852885
69 0.2702204197834775
70 0.27889271539958277
71 0.2997662880525316
72 0.2939045327776851
73 0.25372372834549617
74 0.2463638118703034
75 0.1427965093681446
76 0.22966828468064224
77 0.3375497053575289
78 0.18498303999275553
79 0.21454072710449318
80 0.23236027129320425
81 0.21939107311772377
82 0.17159385965615895
83 0.002480999444100246
84 0.2136927944926019
85 0.4132382047575575
86 0.2872011673802147
87 0.1568195005782579
88 0.21773982620715993
89 0.19947036268715904
90 0.4985089874566318
91 0.2524485479611403
92 0.2536458318320708
93 0.24021108841034314
94 0.2273116266333461
95 0.22133577909577434
96 0.2502016831195991
97 0.1060801029185252
98 0.24632514228519434
99 0.35332848509832715
100 0.27708478059185376
Spearmann Corr: 0.24513865469936547
Pearson Corr: 0.30633759499841867
Kendall's Tau: 0.16556427216325695
