201 0.03526259362967532
202 0.06458127709242786
203 0.018420711077134305
204 0.02851552577309364
205 0.019081956985517526
206 0.021924346316877827
207 0.02940706328740617
208 0.044177409989092656
209 0.03194840406140552
210 0.02339801923715482
211 0.02157894528708957
212 0.03019276800017801
213 0.038855497572718174
214 0.026064492304446536
215 0.024443058168062342
216 0.029380947502657944
217 0.02163595316304383
218 0.04373060895070365
219 0.026463577038344347
220 0.024006977683510115
221 0.021264763513436785
222 0.02634841165013812
223 0.03664854501125019
224 0.02092222684076319
225 0.0296657095024339
226 0.028084558911005666
227 0.018372185479268846
228 0.05489256060937777
229 0.023866179469950292
230 0.018274857307819265
231 0.03597611034640863
232 0.019943398583629705
233 0.03942815324481478
234 0.023675501048475062
235 0.018767637053594494
236 0.03942987809132308
237 0.036165788652890336
238 0.017197010276391395
239 0.03661615498452465
240 0.016355511327252124
241 0.02044057632758815
242 0.036944399294940276
243 0.03964929622090115
244 0.02395976234086578
245 0.02497542968983282
246 0.033045565399165894
247 0.018338390739269735
248 0.021329483305259907
249 0.026260629637519253
250 0.016064064154481958
Spearmann Corr: -0.1113523594072727
Pearson Corr: -0.08682243951765341
Kendall's Tau: -0.07673469387755102
