201 1.1208995612471897
202 6.6461127065047645
203 3.850386809788488
204 0.7630453236670608
205 2.3500283180786323
206 0.6420878621564461
207 4.618354631618324
208 5.67431011121323
209 2.218089822327583
210 2.0117741839287113
211 7.49560526963915
212 0.3316240369945476
213 5.011565662305871
214 0.5180051084184454
215 3.378964535503195
216 1.3105451487739785
217 -2.7959912122200783
218 5.206650328831448
219 9.111218392066458
220 -2.8510989557380157
221 3.560704091103325
222 2.4450973338271424
223 3.744903117574996
224 3.591480911479988
225 1.8772649599927445
226 2.768361835460158
227 -0.1741867499508201
228 5.318572577541785
229 3.02417375762633
230 3.853713011571358
231 7.828452904905421
232 2.9096011822317416
233 7.003468870114703
234 2.2616593031632837
235 1.5441421169980707
236 6.990981699946052
237 -2.5493156099623806
238 4.266463955227315
239 8.778823399719158
240 2.3479943230113567
241 9.205216497736963
242 7.184273159820626
243 0.26809843590454696
244 0.2353504450315546
245 4.57272566018635
246 -1.6458344378700174
247 2.9002049666576646
248 1.4672518286325125
249 2.9351536995134437
250 2.813871670283613
Spearmann Corr: 0.1191856954653088
Pearson Corr: 0.16332383032157594
Kendall's Tau: 0.0783673469387755
