201 2.06082883592265
202 2.6377228945452234
203 1.8352880540364165
204 1.9630962920810833
205 2.1944552784041598
206 2.4694525466364157
207 3.080812504463206
208 2.5964438299751857
209 2.1092176788101855
210 2.7980680752279277
211 3.8766244720705396
212 2.228337422452159
213 2.7862146082829082
214 2.53545290337678
215 2.1673614305271105
216 1.9834026535559413
217 2.1859125674891
218 2.1195899067999036
219 3.411451522729735
220 1.8165341190214501
221 2.1665796376051563
222 2.455042691665687
223 2.476153392928252
224 2.494470821966177
225 2.6692495707753126
226 2.737391075593626
227 2.0434029320434477
228 3.409800584365083
229 2.6165944901174547
230 2.0957867644148838
231 2.1811191636731033
232 1.8488806620880451
233 2.705406426112658
234 2.7614937817612275
235 2.3571259656439327
236 3.114021469599866
237 2.951267072007642
238 2.6269876692933316
239 2.4999466366337084
240 2.4004845090210307
241 1.9438435171573207
242 2.761506489823949
243 2.447944796264199
244 2.344443022677507
245 1.8796599237108842
246 2.121379850327252
247 2.604795680385471
248 2.031566473064001
249 2.1493369143043966
250 2.061897495950343
Spearmann Corr: -0.1173017285652748
Pearson Corr: -0.06851180164820958
Kendall's Tau: -0.06857142857142857
