201 0.18
202 0.26
203 0.16
204 0.26
205 0.14
206 0.14
207 0.4
208 0.36
209 0.58
210 0.6
211 0.06
212 0.46
213 0.4
214 0.12
215 0.22
216 0.16
217 0.22
218 0.4
219 0.64
220 0.06
221 0.28
222 0.36
223 0.08
224 0.06
225 0.14
226 0.14
227 0.0
228 0.58
229 0.0
230 0.18
231 0.16
232 0.08
233 0.86
234 0.28
235 0.18
236 0.18
237 0.4
238 0.2
239 0.8
240 0.58
241 0.28
242 0.28
243 0.36
244 0.22
245 0.04
246 0.32
247 0.02
248 0.08
249 0.26
250 0.28
Spearmann Corr: -0.275847958042803
Pearson Corr: -0.26561985057376464
Kendall's Tau: -0.22040816326530613
