201 9.559408313509122
202 12.270035913884954
203 8.826195748477836
204 7.887051725499126
205 6.410561664609131
206 6.631038250787677
207 9.55288780554214
208 10.13393282652084
209 8.955263375329967
210 7.846988273942574
211 10.406637339804634
212 6.161020087842917
213 13.536642908482163
214 8.395621030021621
215 7.427792974834172
216 8.577644577748954
217 6.724922034124424
218 8.808710087582416
219 13.390369654068772
220 7.774332781773656
221 6.130503213299654
222 8.51176540618656
223 9.411984814081096
224 9.336970730712832
225 8.677487752631786
226 8.100255660402313
227 9.361918850860045
228 10.830553389481594
229 11.722874585493978
230 6.759242796718766
231 12.879107542767871
232 11.181310199933717
233 9.454606001773456
234 7.083495629412011
235 8.390143302780412
236 11.21967599602145
237 11.45575535410067
238 6.7367475931167435
239 10.755426837633435
240 5.691762993630606
241 14.038772906419513
242 12.121211845269702
243 9.069254321614945
244 7.374911031703715
245 7.437292746256014
246 9.09837138102217
247 6.04174211496227
248 6.947341376673873
249 9.202658159109887
250 7.59474180398186
Spearmann Corr: 0.14972579047638626
Pearson Corr: 0.22119800950126714
Kendall's Tau: 0.09142857142857143
