201 -0.024005188451010108
202 -0.048685333270244414
203 -0.02792799423157878
204 -0.020701989703541014
205 -0.019207384561745637
206 -0.022774562211454994
207 -0.028337303533905917
208 -0.03648579473887582
209 -0.027279741368058923
210 -0.02099570210579274
211 -0.029185746202275466
212 -0.026264007201122864
213 -0.03671992837914858
214 -0.023373571865207343
215 -0.026814217435271286
216 -0.02497374855095665
217 -0.01786293184411414
218 -0.021981337071121102
219 -0.026119665852491276
220 -0.020448039252360016
221 -0.02299936461217355
222 -0.03186912597762438
223 -0.03143750436924934
224 -0.025160597094790006
225 -0.022710633435944025
226 -0.0335391515835425
227 -0.026682192293261076
228 -0.023134718938572038
229 -0.02267486920120445
230 -0.024388515371224
231 -0.030048874886832586
232 -0.03274274806894497
233 -0.042909171942993186
234 -0.02883552541703153
235 -0.02409566114198717
236 -0.024468904385629847
237 -0.015546392396107224
238 -0.02462019140040927
239 -0.02906457325770601
240 -0.026903025979990714
241 -0.017476411988047186
242 -0.03535140716854251
243 -0.021414085393218502
244 -0.027424962831217772
245 -0.027585348290154528
246 -0.01379507427673939
247 -0.02667187197326087
248 -0.028574010416373002
249 -0.029244597230111764
250 -0.019761051680935223
Spearmann Corr: -0.08358863666992955
Pearson Corr: 0.006480403294939802
Kendall's Tau: -0.05551020408163265
