201 0.2769758789460096
202 0.6042822942824079
203 0.2783549852278571
204 0.17761002352950075
205 0.1836607291633185
206 0.18927092108068375
207 0.32209711370496397
208 0.45750065211609936
209 0.2812298338407642
210 0.19945440495759606
211 0.29393495751136045
212 0.20177156882798564
213 0.43030078183395815
214 0.20123929566151516
215 0.21976999826572768
216 0.2639256452776591
217 0.1482656404502152
218 0.20942767174472865
219 0.25333875716414567
220 0.19316855086128054
221 0.19445672594083543
222 0.3432001451468781
223 0.32056741926928367
224 0.24180609826204616
225 0.19419208752900513
226 0.32246900280756796
227 0.27371416421508166
228 0.26950924997758846
229 0.2626711674475225
230 0.2131040546846342
231 0.2942967216633471
232 0.38292942668729296
233 0.4475287223804612
234 0.2476872314682412
235 0.24189243445096334
236 0.23596670935582514
237 0.1868590527215589
238 0.24554390516382152
239 0.3067419636390033
240 0.23845536556087035
241 0.16501884546184864
242 0.46580433957355344
243 0.21339755251552642
244 0.26341522141219015
245 0.27366157659130486
246 0.12298635323195281
247 0.24539405335868117
248 0.2706278225969751
249 0.3019943892719623
250 0.18094340683600693
Spearmann Corr: 0.12830806150757867
Pearson Corr: -0.0064730027059116384
Kendall's Tau: 0.0963265306122449
